Grid size = 50
Iterations = 500

gol1 :  19.4606349468
gol2 :  3.44798779488
gol3 :  12.8784880638
gol4 :  7.09436798096
gol5 :  3.70230197906

======================

Grid Size = 500
Iterations = 50

gol1 :  195.151890993
gol2 :  0.0968410968781
gol3 :  292.04603219
gol4 :  69.1309328079
gol5 :  0.265857934952

